3.7035 1.7 0.100      30   0  0         0.1 0.1 7800 7e10 0.32  #4682b4
3.7035 2.2 0.100      30   0  0         0.1 0.1 7800 7e10 0.32  #4682b4
3.7035 2.5 0.100      30   0  0         0.1 0.1 7800 7e10 0.32  #4682b4
3.7035 2.7 0.100      30   0  0         0.1 0.1 7800 7e10 0.32  #4682b4

4.315 1.7 0.100      30   0  0         0.1 0.1 7800 7e10 0.32  #4682b4
4.315 2.2 0.100      30   0  0         0.1 0.1 7800 7e10 0.32  #4682b4
4.315 2.5 0.100      30   0  0         0.1 0.1 7800 7e10 0.32  #4682b4
4.315 2.7 0.100      30   0  0         0.1 0.1 7800 7e10 0.32  #4682b4

0.4817 1.7 0.100      30   0  0         0.1 0.1 7800 7e10 0.32  #4682b4
0.4817 2.2 0.100      30   0  0         0.1 0.1 7800 7e10 0.32  #4682b4
0.4817 2.5 0.100      30   0  0         0.1 0.1 7800 7e10 0.32  #4682b4
0.4817 2.7 0.100      30   0  0         0.1 0.1 7800 7e10 0.32  #4682b4

1.5003 1.7 0.100      30   0  0         0.1 0.1 7800 7e10 0.32  #4682b4
1.5003 2.2 0.100      30   0  0         0.1 0.1 7800 7e10 0.32  #4682b4
1.5003 2.5 0.100      30   0  0         0.1 0.1 7800 7e10 0.32  #4682b4
1.5003 2.7 0.100      30   0  0         0.1 0.1 7800 7e10 0.32  #4682b4

1.7005 1.0 0.100      30   0  0         0.1 0.1 7800 7e10 0.32  #987654
1.7005 2.0 0.100      30   0  0         0.1 0.1 7800 7e10 0.32  #987654
1.7005 3.0 0.100      30   0  0         0.1 0.1 7800 7e10 0.32  #987654
1.7005 4.0 0.100      30   0  0         0.1 0.1 7800 7e10 0.32  #987654

2.7005 1.0 0.100      30   0  0         0.1 0.1 7800 7e10 0.32  #987654
2.7005 2.0 0.100      30   0  0         0.1 0.1 7800 7e10 0.32  #987654
2.7005 3.0 0.100      30   0  0         0.1 0.1 7800 7e10 0.32  #987654
2.7005 4.0 0.100      30   0  0         0.1 0.1 7800 7e10 0.32  #987654