0.30 0.40 0.05     30   0  0         0.1 0.1 7800 2e11 0.32  #4682b4
0.41 0.40 0.05     30   0  0         0.1 0.1 7800 2e11 0.32  #4682b4
0.52 0.40 0.05     30   0  0         0.1 0.1 7800 2e11 0.32  #4682b4


1.38 0.40 0.05     30   0  0         0.1 0.1 7800 2e11 0.32  #4682b4
1.49 0.40 0.05     30   0  0         0.1 0.1 7800 2e11 0.32  #4682b4
1.60 0.40 0.05     30   0  0         0.1 0.1 7800 2e11 0.32  #4682b4


0.46 0.56 0.05     30   0  0         0.1 0.1 7800 2e11 0.32  #4682b4
0.57 0.56 0.05     30   0  0         0.1 0.1 7800 2e11 0.32  #4682b4
0.68 0.56 0.05     30   0  0         0.1 0.1 7800 2e11 0.32  #4682b4

1.00 0.56 0.05     30   0  0         0.1 0.1 7800 2e11 0.32  #4682b4
1.11 0.56 0.05     30   0  0         0.1 0.1 7800 2e11 0.32  #4682b4
1.22 0.56 0.05     30   0  0         0.1 0.1 7800 2e11 0.32  #4682b4



0.84 0.72 0.05     30   0  0         0.1 0.1 7800 2e11 0.32  #4682b4
0.95 0.72 0.05     30   0  0         0.1 0.1 7800 2e11 0.32  #4682b4
1.06 0.72 0.05     30   0  0         0.1 0.1 7800 2e11 0.32  #4682b4

1.38 0.72 0.05     30   0  0         0.1 0.1 7800 2e11 0.32  #4682b4
1.49 0.72 0.05     30   0  0         0.1 0.1 7800 2e11 0.32  #4682b4
1.60 0.72 0.05     30   0  0         0.1 0.1 7800 2e11 0.32  #4682b4


0.46 0.88 0.05     30   0  0         0.1 0.1 7800 2e11 0.32  #4682b4
0.57 0.88 0.05     30   0  0         0.1 0.1 7800 2e11 0.32  #4682b4
0.68 0.88 0.05     30   0  0         0.1 0.1 7800 2e11 0.32  #4682b4


1.54 0.88 0.05     30   0  0         0.1 0.1 7800 2e11 0.32  #4682b4
1.65 0.88 0.05     30   0  0         0.1 0.1 7800 2e11 0.32  #4682b4
1.76 0.88 0.05     30   0  0         0.1 0.1 7800 2e11 0.32  #4682b4


0.30 1.04 0.05     30   0  0         0.1 0.1 7800 2e11 0.32  #4682b4
0.41 1.04 0.05     30   0  0         0.1 0.1 7800 2e11 0.32  #4682b4
0.52 1.04 0.05     30   0  0         0.1 0.1 7800 2e11 0.32  #4682b4




0.46 1.20 0.05     30   0  0         0.1 0.1 7800 2e11 0.32  #4682b4
0.57 1.20 0.05     30   0  0         0.1 0.1 7800 2e11 0.32  #4682b4
0.68 1.20 0.05     30   0  0         0.1 0.1 7800 2e11 0.32  #4682b4


1.54 1.20 0.05     30   0  0         0.1 0.1 7800 2e11 0.32  #4682b4
1.65 1.20 0.05     30   0  0         0.1 0.1 7800 2e11 0.32  #4682b4
1.76 1.20 0.05     30   0  0         0.1 0.1 7800 2e11 0.32  #4682b4


1.38 1.36 0.05     30   0  0         0.1 0.1 7800 2e11 0.32  #4682b4
1.49 1.36 0.05     30   0  0         0.1 0.1 7800 2e11 0.32  #4682b4
1.60 1.36 0.05     30   0  0         0.1 0.1 7800 2e11 0.32  #4682b4


0.46 1.52 0.05     30   0  0         0.1 0.1 7800 2e11 0.32  #4682b4
0.57 1.52 0.05     30   0  0         0.1 0.1 7800 2e11 0.32  #4682b4
0.68 1.52 0.05     30   0  0         0.1 0.1 7800 2e11 0.32  #4682b4

1.00 1.52 0.05     30   0  0         0.1 0.1 7800 2e11 0.32  #4682b4
1.11 1.52 0.05     30   0  0         0.1 0.1 7800 2e11 0.32  #4682b4
1.22 1.52 0.05     30   0  0         0.1 0.1 7800 2e11 0.32  #4682b4




0.70 0.24 0.05     30   0  0         0.1 0.1 7800 2e11 0.32  #4682b4
1.24 0.24 0.05     30   0  0         0.1 0.1 7800 2e11 0.32  #4682b4

0.80 0.08 0.05     30   0  0         0.1 0.1 7800 2e11 0.32  #4682b4
0.91 0.08 0.05     30   0  0         0.1 0.1 7800 2e11 0.32  #4682b4
1.02 0.08 0.05     30   0  0         0.1 0.1 7800 2e11 0.32  #4682b4
1.13 0.08 0.05     30   0  0         0.1 0.1 7800 2e11 0.32  #4682b4
1.71 0.72 0.05     30   0  0         0.1 0.1 7800 2e11 0.32  #4682b4
1.82 0.72 0.05     30   0  0         0.1 0.1 7800 2e11 0.32  #4682b4

1.71 1.04 0.05     30   0  0         0.1 0.1 7800 2e11 0.32  #4682b4
1.82 1.04 0.05     30   0  0         0.1 0.1 7800 2e11 0.32  #4682b4
1.71 1.36 0.05     30   0  0         0.1 0.1 7800 2e11 0.32  #4682b4
1.82 1.36 0.05     30   0  0         0.1 0.1 7800 2e11 0.32  #4682b4

1.87 0.88 0.05     30   0  0         0.1 0.1 7800 2e11 0.32  #4682b4

1.87 1.20 0.05     30   0  0         0.1 0.1 7800 2e11 0.32  #4682b4

0.40 1.68 0.05     30   0  0         0.1 0.1 7800 2e11 0.32  #4682b4
0.51 1.68 0.05     30   0  0         0.1 0.1 7800 2e11 0.32  #4682b4
0.62 1.68 0.05     30   0  0         0.1 0.1 7800 2e11 0.32  #4682b4
0.73 1.68 0.05     30   0  0         0.1 0.1 7800 2e11 0.32  #4682b4
0.84 1.68 0.05     30   0  0         0.1 0.1 7800 2e11 0.32  #4682b4

1.38 1.68 0.05     30   0  0         0.1 0.1 7800 2e11 0.32  #4682b4
1.49 1.68 0.05     30   0  0         0.1 0.1 7800 2e11 0.32  #4682b4
1.60 1.68 0.05     30   0  0         0.1 0.1 7800 2e11 0.32  #4682b4

0.67 1.85 0.05     30   0  0         0.1 0.1 7800 2e11 0.32  #4682b4
0.78 1.89 0.05     30   0  0         0.1 0.1 7800 2e11 0.32  #4682b4
0.89 1.89 0.05     30   0  0         0.1 0.1 7800 2e11 0.32  #4682b4
1.00 1.89 0.05     30   0  0         0.1 0.1 7800 2e11 0.32  #4682b4
1.11 1.89 0.05     30   0  0         0.1 0.1 7800 2e11 0.32  #4682b4
1.22 1.89 0.05     30   0  0         0.1 0.1 7800 2e11 0.32  #4682b4
1.33 1.83 0.05     30   0  0         0.1 0.1 7800 2e11 0.32  #4682b4
1.44 1.78 0.05     30   0  0         0.1 0.1 7800 2e11 0.32  #4682b4
