0.50 1.5 0.100      30   0  0         0.1 0.1 7800 white
0.50 2.0 0.100      30   0  0         0.1 0.1 7800 white
0.50 3.2 0.100      30   0  0         0.1 0.1 7800 white
0.50 3.5 0.100      30   0  0         0.1 0.1 7800 white

1.50 1.0 0.100      30   0  0         0.1 0.1 7800 white
1.50 2.0 0.100      30   0  0         0.1 0.1 7800 white
1.50 3.0 0.100      30   0  0         0.1 0.1 7800 white
1.50 4.0 0.100      30   0  0         0.1 0.1 7800 white

2.50 1.0 0.100      30   0  0         0.1 0.1 7800 white
2.50 2.0 0.100      30   0  0         0.1 0.1 7800 white
2.50 3.0 0.100      30   0  0         0.1 0.1 7800 white
2.50 4.0 0.100      30   0  0         0.1 0.1 7800 white

3.50 1.0 0.100      30   0  0         0.1 0.1 7800 white
3.50 2.0 0.100      30   0  0         0.1 0.1 7800 white
3.50 3.0 0.100      30   0  0         0.1 0.1 7800 white
3.50 4.0 0.100      30   0  0         0.1 0.1 7800 white

4.50 1.5 0.100      30   0  0         0.1 0.1 7800 white
4.50 2.0 0.100      30   0  0         0.1 0.1 7800 white
4.50 3.2 0.100      30   0  0         0.1 0.1 7800 white
4.50 3.5 0.100      30   0  0         0.1 0.1 7800 white



0.70 1.0 0.100      30   0  0         0.1 0.1 7800 white
0.70 2.0 0.100      30   0  0         0.1 0.1 7800 white
0.70 3.0 0.100      30   0  0         0.1 0.1 7800 white
0.70 4.0 0.100      30   0  0         0.1 0.1 7800 white

1.70 1.0 0.100      30   0  0         0.1 0.1 7800 white
1.70 2.0 0.100      30   0  0         0.1 0.1 7800 white
1.70 3.0 0.100      30   0  0         0.1 0.1 7800 white
1.70 4.0 0.100      30   0  0         0.1 0.1 7800 white

2.70 1.0 0.100      30   0  0         0.1 0.1 7800 white
2.70 2.0 0.100      30   0  0         0.1 0.1 7800 white
2.70 3.0 0.100      30   0  0         0.1 0.1 7800 white
2.70 4.0 0.100      30   0  0         0.1 0.1 7800 white

3.70 1.0 0.100      30   0  0         0.1 0.1 7800 white
3.70 2.0 0.100      30   0  0         0.1 0.1 7800 white
3.70 3.0 0.100      30   0  0         0.1 0.1 7800 white
3.70 4.0 0.100      30   0  0         0.1 0.1 7800 white

4.30 1.0 0.100      30   0  0         0.1 0.1 7800 white
4.30 2.0 0.100      30   0  0         0.1 0.1 7800 white
4.30 3.0 0.100      30   0  0         0.1 0.1 7800 white
4.30 3.5 0.100      30   0  0         0.1 0.1 7800 white



0.90 1.0 0.100      30   0  0         0.1 0.1 7800 white
0.90 2.0 0.100      30   0  0         0.1 0.1 7800 white
0.90 3.0 0.100      30   0  0         0.1 0.1 7800 white
0.90 4.0 0.100      30   0  0         0.1 0.1 7800 white

1.90 1.0 0.100      30   0  0         0.1 0.1 7800 white
1.90 2.0 0.100      30   0  0         0.1 0.1 7800 white
1.90 3.0 0.100      30   0  0         0.1 0.1 7800 white
1.90 4.0 0.100      30   0  0         0.1 0.1 7800 white

2.90 1.0 0.100      30   0  0         0.1 0.1 7800 white
2.90 2.0 0.100      30   0  0         0.1 0.1 7800 white
2.90 3.0 0.100      30   0  0         0.1 0.1 7800 white
2.90 4.0 0.100      30   0  0         0.1 0.1 7800 white

3.90 1.0 0.100      30   0  0         0.1 0.1 7800 white
3.90 2.0 0.100      30   0  0         0.1 0.1 7800 white
3.90 3.0 0.100      30   0  0         0.1 0.1 7800 white
3.90 4.0 0.100      30   0  0         0.1 0.1 7800 white

4.10 1.5 0.100      30   0  0         0.1 0.1 7800 white
4.10 2.0 0.100      30   0  0         0.1 0.1 7800 white
4.10 3.2 0.100      30   0  0         0.1 0.1 7800 white
4.10 3.5 0.100      30   0  0         0.1 0.1 7800 white






0.50 1.7 0.100      30   0  0         0.1 0.1 7800 white
0.50 2.2 0.100      30   0  0         0.1 0.1 7800 white
0.50 2.5 0.100      30   0  0         0.1 0.1 7800 white
0.50 2.7 0.100      30   0  0         0.1 0.1 7800 white

1.50 1.7 0.100      30   0  0         0.1 0.1 7800 white
1.50 2.2 0.100      30   0  0         0.1 0.1 7800 white
1.50 2.5 0.100      30   0  0         0.1 0.1 7800 white
1.50 2.7 0.100      30   0  0         0.1 0.1 7800 white

2.50 1.7 0.100      30   0  0         0.1 0.1 7800 white
2.50 2.2 0.100      30   0  0         0.1 0.1 7800 white
2.50 2.5 0.100      30   0  0         0.1 0.1 7800 white
2.50 2.7 0.100      30   0  0         0.1 0.1 7800 white

3.50 1.7 0.100      30   0  0         0.1 0.1 7800 white
3.50 2.2 0.100      30   0  0         0.1 0.1 7800 white
3.50 2.5 0.100      30   0  0         0.1 0.1 7800 white
3.50 2.7 0.100      30   0  0         0.1 0.1 7800 white

4.50 1.7 0.100      30   0  0         0.1 0.1 7800 white
4.50 2.2 0.100      30   0  0         0.1 0.1 7800 white
4.50 2.5 0.100      30   0  0         0.1 0.1 7800 white
4.50 2.7 0.100      30   0  0         0.1 0.1 7800 white



0.70 1.7 0.100      30   0  0         0.1 0.1 7800 white
0.70 2.2 0.100      30   0  0         0.1 0.1 7800 white
0.70 2.5 0.100      30   0  0         0.1 0.1 7800 white
0.70 2.7 0.100      30   0  0         0.1 0.1 7800 white

1.70 1.7 0.100      30   0  0         0.1 0.1 7800 white
1.70 2.2 0.100      30   0  0         0.1 0.1 7800 white
1.70 2.5 0.100      30   0  0         0.1 0.1 7800 white
1.70 2.7 0.100      30   0  0         0.1 0.1 7800 white

2.70 1.7 0.100      30   0  0         0.1 0.1 7800 white
2.70 2.2 0.100      30   0  0         0.1 0.1 7800 white
2.70 2.5 0.100      30   0  0         0.1 0.1 7800 white
2.70 2.7 0.100      30   0  0         0.1 0.1 7800 white

3.70 1.7 0.100      30   0  0         0.1 0.1 7800 white
3.70 2.2 0.100      30   0  0         0.1 0.1 7800 white
3.70 2.5 0.100      30   0  0         0.1 0.1 7800 white
3.70 2.7 0.100      30   0  0         0.1 0.1 7800 white

4.30 1.7 0.100      30   0  0         0.1 0.1 7800 white
4.30 2.2 0.100      30   0  0         0.1 0.1 7800 white
4.30 2.5 0.100      30   0  0         0.1 0.1 7800 white
4.30 2.7 0.100      30   0  0         0.1 0.1 7800 white



0.90 1.7 0.100      30   0  0         0.1 0.1 7800 white
0.90 2.2 0.100      30   0  0         0.1 0.1 7800 white
0.90 2.5 0.100      30   0  0         0.1 0.1 7800 white
0.90 2.7 0.100      30   0  0         0.1 0.1 7800 white

1.90 1.7 0.100      30   0  0         0.1 0.1 7800 white
1.90 2.2 0.100      30   0  0         0.1 0.1 7800 white
1.90 2.5 0.100      30   0  0         0.1 0.1 7800 white
1.90 2.7 0.100      30   0  0         0.1 0.1 7800 white

2.90 1.7 0.100      30   0  0         0.1 0.1 7800 white
2.90 2.2 0.100      30   0  0         0.1 0.1 7800 white
2.90 2.5 0.100      30   0  0         0.1 0.1 7800 white
2.90 2.7 0.100      30   0  0         0.1 0.1 7800 white

3.90 1.7 0.100      30   0  0         0.1 0.1 7800 white
3.90 2.2 0.100      30   0  0         0.1 0.1 7800 white
3.90 2.5 0.100      30   0  0         0.1 0.1 7800 white
3.90 2.7 0.100      30   0  0         0.1 0.1 7800 white

4.10 1.7 0.100      30   0  0         0.1 0.1 7800 white
4.10 2.2 0.100      30   0  0         0.1 0.1 7800 white
4.10 2.5 0.100      30   0  0         0.1 0.1 7800 white
4.10 2.7 0.100      30   0  0         0.1 0.1 7800 white





















2.40 0.16 0.100      30   0  0         0.1 0.1 7800 white
2.60 0.16 0.100      30   0  0         0.1 0.1 7800 white



1.80 0.3 0.100      30   0  0         0.1 0.1 7800 white
2.00 0.3 0.100      30   0  0         0.1 0.1 7800 white
2.20 0.3 0.100      30   0  0         0.1 0.1 7800 white
2.40 0.36 0.100      30   0  0         0.1 0.1 7800 white
2.60 0.36 0.100      30   0  0         0.1 0.1 7800 white
2.80 0.3 0.100      30   0  0         0.1 0.1 7800 white
3.00 0.3 0.100      30   0  0         0.1 0.1 7800 white
3.20 0.3 0.100      30   0  0         0.1 0.1 7800 white

1.20 0.6 0.100      30   0  0         0.1 0.1 7800 white
1.40 0.6 0.100      30   0  0         0.1 0.1 7800 white
1.60 0.6 0.100      30   0  0         0.1 0.1 7800 white
1.80 0.6 0.100      30   0  0         0.1 0.1 7800 white
2.00 0.6 0.100      30   0  0         0.1 0.1 7800 white
2.20 0.6 0.100      30   0  0         0.1 0.1 7800 white
2.40 0.6 0.100      30   0  0         0.1 0.1 7800 white
2.60 0.6 0.100      30   0  0         0.1 0.1 7800 white
2.80 0.6 0.100      30   0  0         0.1 0.1 7800 white
3.00 0.6 0.100      30   0  0         0.1 0.1 7800 white
3.20 0.6 0.100      30   0  0         0.1 0.1 7800 white
3.40 0.6 0.100      30   0  0         0.1 0.1 7800 white
3.60 0.6 0.100      30   0  0         0.1 0.1 7800 white
3.80 0.6 0.100      30   0  0         0.1 0.1 7800 white

1.00 0.8 0.100      30   0  0         0.1 0.1 7800 white
1.20 0.8 0.100      30   0  0         0.1 0.1 7800 white
1.40 0.8 0.100      30   0  0         0.1 0.1 7800 white
1.60 0.8 0.100      30   0  0         0.1 0.1 7800 white
1.80 0.8 0.100      30   0  0         0.1 0.1 7800 white
2.00 0.8 0.100      30   0  0         0.1 0.1 7800 white
2.20 0.8 0.100      30   0  0         0.1 0.1 7800 white
2.40 0.8 0.100      30   0  0         0.1 0.1 7800 white
2.60 0.8 0.100      30   0  0         0.1 0.1 7800 white
2.80 0.8 0.100      30   0  0         0.1 0.1 7800 white
3.00 0.8 0.100      30   0  0         0.1 0.1 7800 white
3.20 0.8 0.100      30   0  0         0.1 0.1 7800 white
3.40 0.8 0.100      30   0  0         0.1 0.1 7800 white
3.60 0.8 0.100      30   0  0         0.1 0.1 7800 white
3.80 0.8 0.100      30   0  0         0.1 0.1 7800 white
4.00 0.8 0.100      30   0  0         0.1 0.1 7800 white

0.60 1.2 0.100      30   0  0         0.1 0.1 7800 white
0.80 1.2 0.100      30   0  0         0.1 0.1 7800 white
1.00 1.2 0.100      30   0  0         0.1 0.1 7800 white
1.20 1.2 0.100      30   0  0         0.1 0.1 7800 white
1.40 1.2 0.100      30   0  0         0.1 0.1 7800 white
1.60 1.2 0.100      30   0  0         0.1 0.1 7800 white
1.80 1.2 0.100      30   0  0         0.1 0.1 7800 white
2.00 1.2 0.100      30   0  0         0.1 0.1 7800 white
2.20 1.2 0.100      30   0  0         0.1 0.1 7800 white
2.40 1.2 0.100      30   0  0         0.1 0.1 7800 white
2.60 1.2 0.100      30   0  0         0.1 0.1 7800 white
2.80 1.2 0.100      30   0  0         0.1 0.1 7800 white
3.00 1.2 0.100      30   0  0         0.1 0.1 7800 white
3.20 1.2 0.100      30   0  0         0.1 0.1 7800 white
3.40 1.2 0.100      30   0  0         0.1 0.1 7800 white
3.60 1.2 0.100      30   0  0         0.1 0.1 7800 white
3.80 1.2 0.100      30   0  0         0.1 0.1 7800 white
4.00 1.2 0.100      30   0  0         0.1 0.1 7800 white
4.20 1.2 0.100      30   0  0         0.1 0.1 7800 white
4.40 1.2 0.100      30   0  0         0.1 0.1 7800 white

0.80 1.4 0.100      30   0  0         0.1 0.1 7800 white
1.00 1.4 0.100      30   0  0         0.1 0.1 7800 white
1.20 1.4 0.100      30   0  0         0.1 0.1 7800 white
1.40 1.4 0.100      30   0  0         0.1 0.1 7800 white
1.60 1.4 0.100      30   0  0         0.1 0.1 7800 white
1.80 1.4 0.100      30   0  0         0.1 0.1 7800 white
2.00 1.4 0.100      30   0  0         0.1 0.1 7800 white
2.20 1.4 0.100      30   0  0         0.1 0.1 7800 white
2.40 1.4 0.100      30   0  0         0.1 0.1 7800 white
2.60 1.4 0.100      30   0  0         0.1 0.1 7800 white
2.80 1.4 0.100      30   0  0         0.1 0.1 7800 white
3.00 1.4 0.100      30   0  0         0.1 0.1 7800 white
3.20 1.4 0.100      30   0  0         0.1 0.1 7800 white
3.40 1.4 0.100      30   0  0         0.1 0.1 7800 white
3.60 1.4 0.100      30   0  0         0.1 0.1 7800 white
3.80 1.4 0.100      30   0  0         0.1 0.1 7800 white

0.80 3.2 0.100      30   0  0         0.1 0.1 7800 white
1.00 3.2 0.100      30   0  0         0.1 0.1 7800 white
1.20 3.2 0.100      30   0  0         0.1 0.1 7800 white
1.40 3.2 0.100      30   0  0         0.1 0.1 7800 white
1.60 3.2 0.100      30   0  0         0.1 0.1 7800 white
1.80 3.2 0.100      30   0  0         0.1 0.1 7800 white
2.00 3.2 0.100      30   0  0         0.1 0.1 7800 white
2.20 3.2 0.100      30   0  0         0.1 0.1 7800 white
2.40 3.2 0.100      30   0  0         0.1 0.1 7800 white
2.60 3.2 0.100      30   0  0         0.1 0.1 7800 white
2.80 3.2 0.100      30   0  0         0.1 0.1 7800 white
3.00 3.2 0.100      30   0  0         0.1 0.1 7800 white
3.20 3.2 0.100      30   0  0         0.1 0.1 7800 white
3.40 3.2 0.100      30   0  0         0.1 0.1 7800 white
3.60 3.2 0.100      30   0  0         0.1 0.1 7800 white
3.80 3.2 0.100      30   0  0         0.1 0.1 7800 white

0.80 3.4 0.100      30   0  0         0.1 0.1 7800 white
1.00 3.4 0.100      30   0  0         0.1 0.1 7800 white
1.20 3.4 0.100      30   0  0         0.1 0.1 7800 white
1.40 3.4 0.100      30   0  0         0.1 0.1 7800 white
1.60 3.4 0.100      30   0  0         0.1 0.1 7800 white
1.80 3.4 0.100      30   0  0         0.1 0.1 7800 white
2.00 3.4 0.100      30   0  0         0.1 0.1 7800 white
2.20 3.4 0.100      30   0  0         0.1 0.1 7800 white
2.40 3.4 0.100      30   0  0         0.1 0.1 7800 white
2.60 3.4 0.100      30   0  0         0.1 0.1 7800 white
2.80 3.4 0.100      30   0  0         0.1 0.1 7800 white
3.00 3.4 0.100      30   0  0         0.1 0.1 7800 white
3.20 3.4 0.100      30   0  0         0.1 0.1 7800 white
3.40 3.4 0.100      30   0  0         0.1 0.1 7800 white
3.60 3.4 0.100      30   0  0         0.1 0.1 7800 white
3.80 3.4 0.100      30   0  0         0.1 0.1 7800 white

0.80 3.6 0.100      30   0  0         0.1 0.1 7800 white
1.00 3.6 0.100      30   0  0         0.1 0.1 7800 white
1.20 3.6 0.100      30   0  0         0.1 0.1 7800 white
1.40 3.6 0.100      30   0  0         0.1 0.1 7800 white
1.60 3.6 0.100      30   0  0         0.1 0.1 7800 white
1.80 3.6 0.100      30   0  0         0.1 0.1 7800 white
2.00 3.6 0.100      30   0  0         0.1 0.1 7800 white
2.20 3.6 0.100      30   0  0         0.1 0.1 7800 white
2.40 3.6 0.100      30   0  0         0.1 0.1 7800 white
2.60 3.6 0.100      30   0  0         0.1 0.1 7800 white
2.80 3.6 0.100      30   0  0         0.1 0.1 7800 white
3.00 3.6 0.100      30   0  0         0.1 0.1 7800 white