0.08 0.41 0.01 0.03  0.04 0 0.1 0.1 7800 #666666
0.16 0.12 0.01 0.06  0.05 0 0.1 0.1 7800 #666666
0.24 0.17 0.01 0.09  0.08 0 0.1 0.1 7800 #666666
0.32 0.24 0.01 -0.09 0.06 0 0.1 0.1 7800 #666666
0.08 0.37 0.01 -45   0.07 0 0.1 0.1 7800 #666666
0.1  0.4  0.01 0.03  0.04 0 0.1 0.1 7800 #666666
0.18 0.1  0.01 0.06  0.05 0 0.1 0.1 7800 #666666
0.26 0.15 0.01 0.09  0.08 0 0.1 0.1 7800 #666666
0.34 0.25 0.01 -0.09 0.06 0 0.1 0.1 7800 #666666
0.1  0.35 0.01 -45   0.07 0 0.1 0.1 7800 #666666
0.12 0.39 0.01 0.03  0.04 0 0.1 0.1 7800 #666666
0.2  0.09 0.01 0.06  0.05 0 0.1 0.1 7800 #666666
0.28 0.14 0.01 0.09  0.08 0 0.1 0.1 7800 #666666
0.37 0.24 0.01 -0.09 0.06 0 0.1 0.1 7800 #666666
0.12 0.34 0.01 -45   0.07 0 0.1 0.1 7800 #666666
0.14 0.4  0.01 0.03  0.04 0 0.1 0.1 7800 #666666
0.22 0.1  0.01 0.06  0.05 0 0.1 0.1 7800 #666666
0.3  0.15 0.01 0.09  0.08 0 0.1 0.1 7800 #666666
0.38 0.25 0.01 -0.09 0.06 0 0.1 0.1 7800 #666666
0.14 0.35 0.01 -45   0.07 0 0.1 0.1 7800 #666666
0.48 0.41 0.01 0.03  0.04 0 0.1 0.1 7800 #666666
0.46 0.12 0.01 0.06  0.05 0 0.1 0.1 7800 #666666
0.44 0.17 0.01 0.09  0.08 0 0.1 0.1 7800 #666666
0.42 0.24 0.01 -0.09 0.06 0 0.1 0.1 7800 #666666
0.48 0.37 0.01 -45   0.07 0 0.1 0.1 7800 #666666
0.49 0.4  0.01 0.03  0.04 0 0.1 0.1 7800 #666666
0.48 0.1  0.01 0.06  0.05 0 0.1 0.1 7800 #666666
0.46 0.15 0.01 0.09  0.08 0 0.1 0.1 7800 #666666
0.44 0.25 0.01 -0.09 0.06 0 0.1 0.1 7800 #666666
0.4  0.35 0.01 -45   0.07 0 0.1 0.1 7800 #666666
0.32 0.39 0.01 0.03  0.04 0 0.1 0.1 7800 #666666
0.4  0.09 0.01 0.06  0.05 0 0.1 0.1 7800 #666666
0.38 0.14 0.01 0.09  0.08 0 0.1 0.1 7800 #666666
0.46 0.24 0.01 -0.09 0.06 0 0.1 0.1 7800 #666666
0.42 0.34 0.01 -45   0.07 0 0.1 0.1 7800 #666666
0.04 0.4  0.01 0.03  0.04 0 0.1 0.1 7800 #666666
0.32 0.1  0.01 0.06  0.05 0 0.1 0.1 7800 #666666
0.4  0.15 0.01 0.09  0.08 0 0.1 0.1 7800 #666666
0.08 0.25 0.01 -0.09 0.06 0 0.1 0.1 7800 #666666
0.04 0.35 0.01 -45   0.07 0 0.1 0.1 7800 #666666

0.12 0.41 0.02 0.03  0.04 0 0.1 0.1 7800 #808080
0.16 0.16 0.02 0.06  0.05 0 0.1 0.1 7800 #808080
0.2  0.17 0.02 0.09  0.08 0 0.1 0.1 7800 #808080
0.32 0.2  0.02 -0.09 0.06 0 0.1 0.1 7800 #808080
0.12 0.37 0.02 -45   0.07 0 0.1 0.1 7800 #808080
0.1  0.44 0.02 0.03  0.04 0 0.1 0.1 7800 #808080
0.14 0.1  0.02 0.06  0.05 0 0.1 0.1 7800 #808080
0.26 0.11 0.02 0.09  0.08 0 0.1 0.1 7800 #808080
0.38 0.25 0.02 -0.09 0.06 0 0.1 0.1 7800 #808080
0.1  0.39 0.02 -45   0.07 0 0.1 0.1 7800 #808080
0.08 0.39 0.02 0.03  0.04 0 0.1 0.1 7800 #808080
0.2  0.05 0.02 0.06  0.05 0 0.1 0.1 7800 #808080
0.32 0.14 0.02 0.09  0.08 0 0.1 0.1 7800 #808080
0.37 0.28 0.02 -0.09 0.06 0 0.1 0.1 7800 #808080
0.08 0.34 0.02 -45   0.07 0 0.1 0.1 7800 #808080
0.14 0.37 0.02 0.03  0.04 0 0.1 0.1 7800 #808080
0.26 0.1  0.02 0.06  0.05 0 0.1 0.1 7800 #808080
0.3  0.19 0.02 0.09  0.08 0 0.1 0.1 7800 #808080
0.34 0.25 0.02 -0.09 0.06 0 0.1 0.1 7800 #808080
0.14 0.31 0.02 -45   0.07 0 0.1 0.1 7800 #808080