0.120 0.410 0.020 30  0.0040 0.1 0.1 7800 #808080
0.160 0.160 0.020 60  0.005 0.1 0.1 7800 #808080
0.200 0.170 0.020 90  0.0080 0.1 0.1 7800 #808080
0.320 0.200 0.020 -90 0.0060 0.1 0.1 7800 #808080
0.120 0.360 0.020 -45 0.007 0.1 0.1 7800 #808080
0.100 0.440 0.020 30  0.0040 0.1 0.1 7800 #808080
0.140 0.100 0.020 60  0.005 0.1 0.1 7800 #808080
0.260 0.110 0.020 90  0.0080 0.1 0.1 7800 #808080
0.380 0.250 0.020 -90 0.0060 0.1 0.1 7800 #808080
0.100 0.390 0.020 -45 0.007 0.1 0.1 7800 #808080
0.080 0.390 0.020 30  0.0040 0.1 0.1 7800 #808080
0.200 0.050 0.020 60  0.005 0.1 0.1 7800 #808080
0.320 0.140 0.020 90  0.0080 0.1 0.1 7800 #808080
0.360 0.280 0.020 -90 0.0060 0.1 0.1 7800 #808080
0.080 0.340 0.020 -45 0.007 0.1 0.1 7800 #808080
0.140 0.360 0.020 30  0.0040 0.1 0.1 7800 #808080
0.260 0.100 0.020 60  0.005 0.1 0.1 7800 #808080
0.300 0.190 0.020 90  0.0080 0.1 0.1 7800 #808080
0.340 0.250 0.020 -90 0.0060 0.1 0.1 7800 #808080
0.140 0.310 0.020 -45 0.007 0.1 0.1 7800 #808080

0.440 0.410 0.020 30  0.0040 0.1 0.1 7800 #c0c0c0
0.420 0.120 0.020 60  0.005 0.1 0.1 7800 #c0c0c0
0.480 0.170 0.020 90  0.0080 0.1 0.1 7800 #c0c0c0
0.420 0.280 0.020 -90 0.0060 0.1 0.1 7800 #c0c0c0
0.440 0.360 0.020 -45 0.007 0.1 0.1 7800 #c0c0c0
0.490 0.360 0.020 30  0.0040 0.1 0.1 7800 #c0c0c0
0.440 0.100 0.020 60  0.005 0.1 0.1 7800 #c0c0c0
0.460 0.190 0.020 90  0.0080 0.1 0.1 7800 #c0c0c0
0.400 0.250 0.020 -90 0.0060 0.1 0.1 7800 #c0c0c0
0.400 0.310 0.020 -45 0.007 0.1 0.1 7800 #c0c0c0
0.360 0.390 0.020 30  0.0040 0.1 0.1 7800 #c0c0c0
0.400 0.130 0.020 60  0.005 0.1 0.1 7800 #c0c0c0
0.340 0.140 0.020 90  0.0080 0.1 0.1 7800 #c0c0c0
0.460 0.200 0.020 -90 0.0060 0.1 0.1 7800 #c0c0c0
0.460 0.340 0.020 -45 0.007 0.1 0.1 7800 #c0c0c0
0.040 0.440 0.020 30  0.0040 0.1 0.1 7800 #c0c0c0
0.280 0.100 0.020 60  0.005 0.1 0.1 7800 #c0c0c0
0.400 0.110 0.020 90  0.0080 0.1 0.1 7800 #c0c0c0
0.120 0.250 0.020 -90 0.0060 0.1 0.1 7800 #c0c0c0
0.040 0.390 0.020 -45 0.007 0.1 0.1 7800 #c0c0c0