0.05 0.1 0.045      30  0.4 0        0.1 0.1 7800 white
0.05 0.2 0.045      30  0.4 0        0.1 0.1 7800 white
0.05 0.3 0.045      30  0.4 0        0.1 0.1 7800 white
0.05 0.4 0.045      30  0.4 0        0.1 0.1 7800 white

0.15 0.1 0.045      30  0.4 0        0.1 0.1 7800 white
0.15 0.2 0.045      30  0.4 0        0.1 0.1 7800 white
0.15 0.3 0.045      30  0.4 0        0.1 0.1 7800 white
0.15 0.4 0.045      30  0.4 0        0.1 0.1 7800 white

0.25 0.1 0.045      30  0.4 0        0.1 0.1 7800 white
0.25 0.2 0.045      30  0.0004 0        0.1 0.1 7800 white
0.25 0.3 0.045      30  0.0004 0        0.1 0.1 7800 white
0.25 0.4 0.045      30  0.0004 0        0.1 0.1 7800 white

0.35 0.1 0.045      30  0.0004 0        0.1 0.1 7800 white
0.35 0.2 0.045      30  0.0004 0        0.1 0.1 7800 white
0.35 0.3 0.045      30  0.0004 0        0.1 0.1 7800 white
0.35 0.4 0.045      30  0.0004 0        0.1 0.1 7800 white

0.45 0.1 0.045      30  0.0004 0        0.1 0.1 7800 white
0.45 0.2 0.045      30  0.0004 0        0.1 0.1 7800 white
0.45 0.3 0.045      30  0.0004 0        0.1 0.1 7800 white
0.45 0.4 0.045      30  0.0004 0        0.1 0.1 7800 white