0.080 0.400 0.010 30  0.00040 0 0.1 0.1 7800 #666666
0.160 0.400 0.010 60  0.00050 0 0.1 0.1 7800 #666666
0.240 0.400 0.010 90  0.00080 0 0.1 0.1 7800 #666666
0.320 0.400 0.010 -90 0.00060 0 0.1 0.1 7800 #666666
0.400 0.400 0.010 -45 0.00070 0 0.1 0.1 7800 #666666

0.320 0.300 0.020 30  0.00040 0 0.1 0.1 7800 #808080
0.240 0.300 0.020 60  0.00050 0 0.1 0.1 7800 #808080
0.160 0.300 0.020 90  0.00080 0 0.1 0.1 7800 #808080
0.080 0.300 0.020 -90 0.00060 0 0.1 0.1 7800 #808080
0.400 0.300 0.020 -45 0.00070 0 0.1 0.1 7800 #808080

0.400 0.200 0.020 30  0.00040 0 0.1 0.1 2700 #c0c0c0
0.320 0.200 0.020 60  0.00050 0 0.1 0.1 2700 #c0c0c0
0.080 0.200 0.020 90  0.00080 0 0.1 0.1 2700 #c0c0c0
0.240 0.200 0.020 -90 0.00060 0 0.1 0.1 2700 #c0c0c0
0.160 0.200 0.020 -45 0.00070 0 0.1 0.1 2700 #c0c0c0

0.250 0.100 0.045 30  0.00040 0 0.1 0.1 2700 white
0.050 0.100 0.045 60  0.00050 0 0.1 0.1 2700 white
0.350 0.100 0.045 90  0.00080 0 0.1 0.1 2700 white
0.150 0.100 0.045 -90 0.00060 0 0.1 0.1 2700 white
0.450 0.100 0.045 -45 0.00070 0 0.1 0.1 2700 white