0.08 0.41 0.01 31  0.04 0.1 0.1 7800 #666666
0.16 0.12 0.01 61  0.05 0.1 0.1 7800 #666666
0.24 0.17 0.01 91  0.08 0.1 0.1 7800 #666666
0.32 0.24 0.01 -91 0.06 0.1 0.1 7800 #666666
0.08 0.36 0.01 -45 0.07 0.1 0.1 7800 #666666
0.10 0.40 0.01 31  0.04 0.1 0.1 7800 #666666
0.18 0.10 0.01 61  0.05 0.1 0.1 7800 #666666
0.26 0.15 0.01 91  0.08 0.1 0.1 7800 #666666
0.34 0.25 0.01 -91 0.06 0.1 0.1 7800 #666666
0.10 0.35 0.01 -45 0.07 0.1 0.1 7800 #666666
0.12 0.39 0.01 31  0.04 0.1 0.1 7800 #666666
0.20 0.09 0.01 61  0.05 0.1 0.1 7800 #666666
0.28 0.14 0.01 91  0.08 0.1 0.1 7800 #666666
0.36 0.24 0.01 -91 0.06 0.1 0.1 7800 #666666
0.12 0.34 0.01 -45 0.07 0.1 0.1 7800 #666666
0.14 0.40 0.01 31  0.04 0.1 0.1 7800 #666666
0.22 0.10 0.01 61  0.05 0.1 0.1 7800 #666666
0.30 0.15 0.01 91  0.08 0.1 0.1 7800 #666666
0.38 0.25 0.01 -91 0.06 0.1 0.1 7800 #666666
0.14 0.35 0.01 -45 0.07 0.1 0.1 7800 #666666
0.48 0.41 0.01 31  0.04 0.1 0.1 7800 #666666
0.46 0.12 0.01 61  0.05 0.1 0.1 7800 #666666
0.44 0.17 0.01 91  0.08 0.1 0.1 7800 #666666
0.42 0.24 0.01 -91 0.06 0.1 0.1 7800 #666666
0.48 0.36 0.01 -45 0.07 0.1 0.1 7800 #666666
0.49 0.40 0.01 31  0.04 0.1 0.1 7800 #666666
0.48 0.10 0.01 61  0.05 0.1 0.1 7800 #666666
0.46 0.15 0.01 91  0.08 0.1 0.1 7800 #666666
0.44 0.25 0.01 -91 0.06 0.1 0.1 7800 #666666
0.40 0.35 0.01 -45 0.07 0.1 0.1 7800 #666666
0.32 0.39 0.01 31  0.04 0.1 0.1 7800 #666666
0.40 0.09 0.01 61  0.05 0.1 0.1 7800 #666666
0.38 0.14 0.01 91  0.08 0.1 0.1 7800 #666666
0.46 0.24 0.01 -91 0.06 0.1 0.1 7800 #666666
0.42 0.34 0.01 -45 0.07 0.1 0.1 7800 #666666
0.04 0.40 0.01 31  0.04 0.1 0.1 7800 #666666
0.32 0.10 0.01 61  0.05 0.1 0.1 7800 #666666
0.40 0.15 0.01 91  0.08 0.1 0.1 7800 #666666
0.08 0.25 0.01 -91 0.06 0.1 0.1 7800 #666666
0.04 0.35 0.01 -45 0.07 0.1 0.1 7800 #666666

0.12 0.41 0.02 31  0.04 0.1 0.1 7800 #808080
0.16 0.16 0.02 61  0.05 0.1 0.1 7800 #808080
0.20 0.17 0.02 91  0.08 0.1 0.1 7800 #808080
0.32 0.20 0.02 -91 0.06 0.1 0.1 7800 #808080
0.12 0.36 0.02 -45 0.07 0.1 0.1 7800 #808080
0.10 0.44 0.02 31  0.04 0.1 0.1 7800 #808080
0.14 0.10 0.02 61  0.05 0.1 0.1 7800 #808080
0.26 0.11 0.02 91  0.08 0.1 0.1 7800 #808080
0.38 0.25 0.02 -91 0.06 0.1 0.1 7800 #808080
0.10 0.39 0.02 -45 0.07 0.1 0.1 7800 #808080
0.08 0.39 0.02 31  0.04 0.1 0.1 7800 #808080
0.20 0.05 0.02 60  0.05 0.1 0.1 7800 #808080
0.32 0.14 0.02 90  0.08 0.1 0.1 7800 #808080
0.36 0.28 0.02 -90 0.06 0.1 0.1 7800 #808080
0.08 0.34 0.02 -45 0.07 0.1 0.1 7800 #808080
0.14 0.36 0.02 30  0.04 0.1 0.1 7800 #808080
0.26 0.10 0.02 60  0.05 0.1 0.1 7800 #808080
0.30 0.19 0.02 90  0.08 0.1 0.1 7800 #808080
0.34 0.25 0.02 -90 0.06 0.1 0.1 7800 #808080
0.14 0.31 0.02 -45 0.07 0.1 0.1 7800 #808080

0.44 0.41 0.02 30  0.04 0.1 0.1 2700 #c0c0c0
0.42 0.12 0.02 60  0.05 0.1 0.1 2700 #c0c0c0
0.48 0.17 0.02 90  0.08 0.1 0.1 2700 #c0c0c0
0.42 0.28 0.02 -90 0.06 0.1 0.1 2700 #c0c0c0
0.44 0.36 0.02 -45 0.07 0.1 0.1 2700 #c0c0c0
0.49 0.36 0.02 30  0.04 0.1 0.1 2700 #c0c0c0
0.44 0.10 0.02 60  0.05 0.1 0.1 2700 #c0c0c0
0.46 0.19 0.02 90  0.08 0.1 0.1 2700 #c0c0c0
0.40 0.25 0.02 -90 0.06 0.1 0.1 2700 #c0c0c0
0.40 0.31 0.02 -45 0.07 0.1 0.1 2700 #c0c0c0
0.36 0.39 0.02 30  0.04 0.1 0.1 2700 #c0c0c0
0.4  0.13 0.02 60  0.05 0.1 0.1 2700 #c0c0c0
0.34 0.14 0.02 90  0.08 0.1 0.1 2700 #c0c0c0
0.46 0.20 0.02 -90 0.06 0.1 0.1 2700 #c0c0c0
0.46 0.34 0.02 -45 0.07 0.1 0.1 2700 #c0c0c0
0.04 0.44 0.02 30  0.04 0.1 0.1 2700 #c0c0c0
0.28 0.10 0.02 60  0.05 0.1 0.1 2700 #c0c0c0
0.4  0.11 0.02 90  0.08 0.1 0.1 2700 #c0c0c0
0.12 0.25 0.02 -90 0.06 0.1 0.1 2700 #c0c0c0
0.04 0.39 0.02 -45 0.07 0.1 0.1 2700 #c0c0c0

0.05 0.45 0.045 30 0.04 0.1 0.1 2700 white
0.15 0.45 0.045 60 0.05 0.1 0.1 2700 white
0.25 0.45 0.045 90 0.08 0.1 0.1 2700 white
0.35 0.45 0.045 90 0.06 0.1 0.1 2700 white
0.45 0.45 0.045 45 0.07 0.1 0.1 2700 white