0.180 0.250 0.040 90  0.040 0.1 0.1 2700 blue
0.250 0.250 0.020 30  0.050 0.1 0.1 2700 green
0.320 0.250 0.030 -30 0.080 0.1 0.1 2700 red
0.250 0.150 0.020 30  0.050 0.1 0.1 2700 green
0.320 0.150 0.030 -30 0.080 0.1 0.1 2700 red
0.180 0.150 0.040 90  0.040 0.1 0.1 2700 blue
0.250 0.350 0.020 30  0.050 0.1 0.1 2700 green
0.320 0.350 0.030 -30 0.080 0.1 0.1 2700 red
0.180 0.350 0.040 90  0.040 0.1 0.1 2700 blue
0.080 0.250 0.040 90  0.040 0.1 0.1 2700 blue
0.390 0.250 0.030 -30 0.080 0.1 0.1 2700 red
0.250 0.450 0.020 30  0.050 0.1 0.1 2700 green
0.250 0.050 0.020 30  0.050 0.1 0.1 2700 green
