0.68 0.40 0.1     30   0  0         0.1 0.1 4800 6e10 0.25 #987654
1.22 0.40 0.1     30   0  0         0.1 0.1 4800 6e10 0.25 #987654

0.30 0.56 0.1     30   0  0         0.1 0.1 4800 6e10 0.25 #987654
0.84 0.56 0.1     30   0  0         0.1 0.1 4800 6e10 0.25 #987654
1.38 0.56 0.1     30   0  0         0.1 0.1 4800 6e10 0.25 #987654

0.68 0.72 0.1     30   0  0         0.1 0.1 4800 6e10 0.25 #987654
1.22 0.72 0.1     30   0  0         0.1 0.1 4800 6e10 0.25 #987654

0.30 0.88 0.1     30   0  0         0.1 0.1 4800 6e10 0.25 #987654
0.84 0.88 0.1     30   0  0         0.1 0.1 4800 6e10 0.25 #987654
1.38 0.88 0.1     30   0  0         0.1 0.1 4800 6e10 0.25 #987654

0.68 1.04 0.1     30   0  0         0.1 0.1 4800 6e10 0.25 #987654
1.22 1.04 0.1     30   0  0         0.1 0.1 4800 6e10 0.25 #987654

0.30 1.20 0.1     30   0  0         0.1 0.1 4800 6e10 0.25 #987654
0.84 1.20 0.1     30   0  0         0.1 0.1 4800 6e10 0.25 #987654
1.38 1.20 0.1     30   0  0         0.1 0.1 4800 6e10 0.25 #987654

0.68 1.36 0.1     30   0  0         0.1 0.1 4800 6e10 0.25 #987654
1.22 1.36 0.1     30   0  0         0.1 0.1 4800 6e10 0.25 #987654

0.84 1.52 0.1     30   0  0         0.1 0.1 4800 6e10 0.25 #987654
1.38 1.52 0.1     30   0  0         0.1 0.1 4800 6e10 0.25 #987654



0.54 0.24 0.1     30   0  0         0.1 0.1 4800 6e10 0.25 #987654
0.86 0.24 0.1     30   0  0         0.1 0.1 4800 6e10 0.25 #987654
1.08 0.24 0.1     30   0  0         0.1 0.1 4800 6e10 0.25 #987654
1.40 0.24 0.1     30   0  0         0.1 0.1 4800 6e10 0.25 #987654

1.00 1.72 0.1     30   0  0         0.1 0.1 4800 6e10 0.25 #987654

1.21 1.72 0.1     30   0  0         0.1 0.1 4800 6e10 0.25 #987654