0.48 1.5 0.100      30   0  0         0.1 0.1 4800 6e10 0.25 #987654
0.48 2.0 0.100      30   0  0         0.1 0.1 4800 6e10 0.25 #987654
0.48 3.2 0.100      30   0  0         0.1 0.1 4800 6e10 0.25 #987654
0.48 3.5 0.100      30   0  0         0.1 0.1 4800 6e10 0.25 #987654

1.5005 1.0 0.100      30   0  0       0.1 0.1 4800 6e10 0.25 #987654
1.5005 2.0 0.100      30   0  0       0.1 0.1 4800 6e10 0.25 #987654
1.5005 3.0 0.100      30   0  0       0.1 0.1 4800 6e10 0.25 #987654
1.5005 4.0 0.100      30   0  0       0.1 0.1 4800 6e10 0.25 #987654

2.50 1.0 0.100      30   0  0         0.1 0.1 4800 6e10 0.25 #987654
2.50 2.0 0.100      30   0  0         0.1 0.1 4800 6e10 0.25 #987654
2.50 3.0 0.100      30   0  0         0.1 0.1 4800 6e10 0.25 #987654
2.50 4.0 0.100      30   0  0         0.1 0.1 4800 6e10 0.25 #987654

3.503 1.0 0.100      30   0  0        0.1 0.1 4800 6e10 0.25 #987654
3.503 2.0 0.100      30   0  0        0.1 0.1 4800 6e10 0.25 #987654
3.503 3.0 0.100      30   0  0        0.1 0.1 4800 6e10 0.25 #987654
3.503 4.0 0.100      30   0  0        0.1 0.1 4800 6e10 0.25 #987654

4.52 1.5 0.100      30   0  0         0.1 0.1 4800 6e10 0.25 #987654
4.52 2.0 0.100      30   0  0         0.1 0.1 4800 6e10 0.25 #987654
4.52 3.2 0.100      30   0  0         0.1 0.1 4800 6e10 0.25 #987654
4.52 3.5 0.100      30   0  0         0.1 0.1 4800 6e10 0.25 #987654



0.685 1.0 0.100      30   0  0        0.1 0.1 4800 6e10 0.25 #987654
0.685 2.0 0.100      30   0  0        0.1 0.1 4800 6e10 0.25 #987654
0.685 3.0 0.100      30   0  0        0.1 0.1 4800 6e10 0.25 #987654
0.685 4.0 0.100      30   0  0        0.1 0.1 4800 6e10 0.25 #987654



3.704 1.0 0.100      30   0  0        0.1 0.1 4800 6e10 0.25 #987654
3.704 2.0 0.100      30   0  0        0.1 0.1 4800 6e10 0.25 #987654
3.704 3.0 0.100      30   0  0        0.1 0.1 4800 6e10 0.25 #987654
3.704 4.0 0.100      30   0  0        0.1 0.1 4800 6e10 0.25 #987654

4.315 1.0 0.100      30   0  0        0.1 0.1 4800 6e10 0.25 #987654
4.315 2.0 0.100      30   0  0        0.1 0.1 4800 6e10 0.25 #987654
4.315 3.0 0.100      30   0  0        0.1 0.1 4800 6e10 0.25 #987654
4.315 3.5 0.100      30   0  0        0.1 0.1 4800 6e10 0.25 #987654



0.9002 1.0 0.100      30   0  0       0.1 0.1 4800 6e10 0.25 #987654
0.9002 2.0 0.100      30   0  0       0.1 0.1 4800 6e10 0.25 #987654
0.9002 3.0 0.100      30   0  0       0.1 0.1 4800 6e10 0.25 #987654
0.9002 4.0 0.100      30   0  0       0.1 0.1 4800 6e10 0.25 #987654

1.902 1.0 0.100      30   0  0        0.1 0.1 4800 6e10 0.25 #987654
1.902 2.0 0.100      30   0  0        0.1 0.1 4800 6e10 0.25 #987654
1.902 3.0 0.100      30   0  0        0.1 0.1 4800 6e10 0.25 #987654
1.902 4.0 0.100      30   0  0        0.1 0.1 4800 6e10 0.25 #987654

2.902 1.0 0.100      30   0  0        0.1 0.1 4800 6e10 0.25 #987654
2.902 2.0 0.100      30   0  0        0.1 0.1 4800 6e10 0.25 #987654
2.902 3.0 0.100      30   0  0        0.1 0.1 4800 6e10 0.25 #987654
2.902 4.0 0.100      30   0  0        0.1 0.1 4800 6e10 0.25 #987654

3.905 1.0 0.100      30   0  0        0.1 0.1 4800 6e10 0.25 #987654
3.905 2.0 0.100      30   0  0        0.1 0.1 4800 6e10 0.25 #987654
3.905 3.0 0.100      30   0  0        0.1 0.1 4800 6e10 0.25 #987654
3.905 4.0 0.100      30   0  0        0.1 0.1 4800 6e10 0.25 #987654

4.11 1.5 0.100      30   0  0         0.1 0.1 4800 6e10 0.25 #987654
4.11 2.0 0.100      30   0  0         0.1 0.1 4800 6e10 0.25 #987654
4.11 3.2 0.100      30   0  0         0.1 0.1 4800 6e10 0.25 #987654
4.11 3.5 0.100      30   0  0         0.1 0.1 4800 6e10 0.25 #987654


2.5001 1.7 0.100      30   0  0       0.1 0.1 4800 6e10 0.25 #987654
2.5001 2.2 0.100      30   0  0       0.1 0.1 4800 6e10 0.25 #987654
2.5001 2.5 0.100      30   0  0       0.1 0.1 4800 6e10 0.25 #987654
2.5001 2.7 0.100      30   0  0       0.1 0.1 4800 6e10 0.25 #987654

3.503 1.7 0.100      30   0  0        0.1 0.1 4800 6e10 0.25 #987654
3.503 2.2 0.100      30   0  0        0.1 0.1 4800 6e10 0.25 #987654
3.503 2.5 0.100      30   0  0        0.1 0.1 4800 6e10 0.25 #987654
3.503 2.7 0.100      30   0  0        0.1 0.1 4800 6e10 0.25 #987654

4.52 1.7 0.100      30   0  0         0.1 0.1 4800 6e10 0.25 #987654
4.52 2.2 0.100      30   0  0         0.1 0.1 4800 6e10 0.25 #987654
4.52 2.5 0.100      30   0  0         0.1 0.1 4800 6e10 0.25 #987654
4.52 2.7 0.100      30   0  0         0.1 0.1 4800 6e10 0.25 #987654



0.685 1.7 0.100      30   0  0        0.1 0.1 4800 6e10 0.25 #987654
0.685 2.2 0.100      30   0  0        0.1 0.1 4800 6e10 0.25 #987654
0.685 2.5 0.100      30   0  0        0.1 0.1 4800 6e10 0.25 #987654
0.685 2.7 0.100      30   0  0        0.1 0.1 4800 6e10 0.25 #987654

1.701 1.7 0.100      30   0  0        0.1 0.1 4800 6e10 0.25 #987654
1.701 2.2 0.100      30   0  0        0.1 0.1 4800 6e10 0.25 #987654
1.701 2.5 0.100      30   0  0        0.1 0.1 4800 6e10 0.25 #987654
1.701 2.7 0.100      30   0  0        0.1 0.1 4800 6e10 0.25 #987654

2.701 1.7 0.100      30   0  0        0.1 0.1 4800 6e10 0.25 #987654
2.701 2.2 0.100      30   0  0        0.1 0.1 4800 6e10 0.25 #987654
2.701 2.5 0.100      30   0  0        0.1 0.1 4800 6e10 0.25 #987654
2.701 2.7 0.100      30   0  0        0.1 0.1 4800 6e10 0.25 #987654





0.9001 1.7 0.100      30   0  0       0.1 0.1 4800 6e10 0.25 #987654
0.9001 2.2 0.100      30   0  0       0.1 0.1 4800 6e10 0.25 #987654
0.9001 2.5 0.100      30   0  0       0.1 0.1 4800 6e10 0.25 #987654
0.9001 2.7 0.100      30   0  0       0.1 0.1 4800 6e10 0.25 #987654

1.902 1.7 0.100      30   0  0        0.1 0.1 4800 6e10 0.25 #987654
1.902 2.2 0.100      30   0  0        0.1 0.1 4800 6e10 0.25 #987654
1.902 2.5 0.100      30   0  0        0.1 0.1 4800 6e10 0.25 #987654
1.902 2.7 0.100      30   0  0        0.1 0.1 4800 6e10 0.25 #987654

2.902 1.7 0.100      30   0  0        0.1 0.1 4800 6e10 0.25 #987654
2.902 2.2 0.100      30   0  0        0.1 0.1 4800 6e10 0.25 #987654
2.902 2.5 0.100      30   0  0        0.1 0.1 4800 6e10 0.25 #987654
2.902 2.7 0.100      30   0  0        0.1 0.1 4800 6e10 0.25 #987654

3.905 1.7 0.100      30   0  0        0.1 0.1 4800 6e10 0.25 #987654
3.905 2.2 0.100      30   0  0        0.1 0.1 4800 6e10 0.25 #987654
3.905 2.5 0.100      30   0  0        0.1 0.1 4800 6e10 0.25 #987654
3.905 2.7 0.100      30   0  0        0.1 0.1 4800 6e10 0.25 #987654

4.11 1.7 0.100      30   0  0         0.1 0.1 4800 6e10 0.25  #987654
4.11 2.2 0.100      30   0  0         0.1 0.1 4800 6e10 0.25  #987654
4.11 2.5 0.100      30   0  0         0.1 0.1 4800 6e10 0.25  #987654
4.11 2.7 0.100      30   0  0         0.1 0.1 4800 6e10 0.25  #987654