0 0 0.0 0.0 0
1.0 0.0
1.2588190451025207 0.03407417371093169
1.5 0.1339745962155613
1.7071067811865475 0.2928932188134524
1.8660254037844386 0.4999999999999999
1.9659258262890682 0.7411809548974793
2.0 0.9999999999999999
1.9659258262890682 1.2588190451025207
1.8660254037844388 1.4999999999999998
1.7071067811865475 1.7071067811865475
1.5 1.8660254037844388
1.258819045102521 1.9659258262890682
1.0000000000000002 2.0
0.7411809548974793 1.9659258262890682
0.5000000000000002 1.8660254037844388
0.29289321881345287 1.707106781186548
0.13397459621556163 1.5000000000000004
0.03407417371093169 1.2588190451025207
0.0 1.0000000000000002
0.03407417371093158 0.7411809548974797
0.1339745962155614 0.4999999999999999
0.2928932188134523 0.29289321881345265
0.49999999999999956 0.13397459621556163
0.7411809548974784 0.03407417371093191

